2345013501301345601350
1345015024560undefined134560135012350130
1340150134602401401350undefined14024023450134560
13401360134012010240
2340101350undefined1234010136012301350
145015012301250240
23401250101345012450125010240
13013501230130102345010
123013502340undefined10134501245015012301502340
145012501013010
12013601501345013502340undefined10240123501502340
1301012350101401250240
14010240123501350
123502401350undefined1450150undefined24501013450150240123501350
135023401013010
12015024024502401345012450
13401013450240123010
134013502340140135024560
240234023450101345012013601230
1234010123502402340
2340150135013601230
1230101245013502340
24501013010123502345010
12450136010134501245013560125013501360
140125024014010124501350
12301350134501450135013450
1230240134010
234501501250123501013450
130240134502340125010234010
12013501245013502345010
234012501501345013560125015013450
24560136012501013450
125013501345012450undefined13013501345012450
234502401013450245024013450
1401250150134501345010240
234501024012340150240
120101345012450101230135012350150
1201013450124501301350130
1230101250135012350150
1401250135013450124501234502401345012450
1340240101340240
125013456014501501235010120101450
14501012301230102340
234010134502345024010124501350
1234012502401230101450150123012340125024010
12015012301350undefined12501350123502401356013501345023450150
1340101450123502401450
125013501360234023450135013450
1012501340150145010120101450
12501350undefined1401250240undefined1340240134501250undefined14024023450134560
245601023401250240134501245023450135013450
1023450123010134502345010
23450135012350135013450234501350
234024013450124501012340135012350150
123013601013450145010
120101245012501450101450
1201012350140150123013501345010
12501013501235010
23401250150134501345601501345012450
1301250101235023450135013601340
12340136013450150
1201350234023450135013450
2340134560145013450150134560
234023450undefinedundefined123401502345015012350234012013601235012450
14012502402345023450101245013501345012450
1450135013450124501245013601013450
123502401345601014501250
125010134501350240
124501360101450101230102450101235010
13401501230120135013601235013450150
10123015013460101345014501235024010
1401250150134501245014501360
123501013450124501350135013450
12340125013501501345024013460
134602401013450
12340135012350234501350undefined1012301501245012350150
23401360123501023450
12501501401250240
10120240145024501013450
12012350102340240123024010
1013450130101235010
1340135013450234501501235012350150134560
13456013501301350125010134010
13450101345024502401345012450
13401350134502345012350150101230
124501360240134560101345012450
123501501402401240150
23401501023450234501230150
1250101235012024013450
23401013450undefined124012350101345014024023401401350
1240135012350234501012301501356010
13560125010134501245013560125013501360
14501502345012350135024023450
234010123012360101450135012350
120136023401013450
245013501250101345013450150234012013601235012450
12015012350123024013450
10123012450240150123502340
1235013501340150
1234013456013501345012450134560101345012450
134015014501501230123024013450
1301012013601230
10234501250150134502340
134501012450135013456010
1401012340150undefined2345013502456013450
23401013450undefined1450240150124501350
14012501013450124501401250136013450
140102340101201230101345014010
14501012302401013450
130101345012340136012350
13010134501350
234501501230undefined101236024012360undefined1345601012401350
10145014502402340undefined101201012010
1401360123502402345024012010
135602401201350
245015014501450101250
1345010240123501350120240
125010134501245013560125013501360
12015013450135013450240
140101235010140102340
134024012301013450
2340234501360234502345012450101235023450
13013601345013402401345012450
14501012350undefined1502340undefined234010123010101340
134024013450134501501012340135012302402340
24501024012340136012350
234501024013456013601013450
1240123501013450130124013601235023450
12345024013450124501450101350
2340136012350101201013456010
12302402340120135013450
234501013401234010
2450240134501013450
124013601301360135013010
1401013401234024013450102340
1450150134501236015012350
1301013501250234024013601345012450
123450136015013560135013450undefined14024023450134560
1301023450135024560240140150
10123015012340123401350
14501360123501201013450
13024015012360
1230136014013013450135024560
1501230undefined124502401356010
135601250150134501245013560125013501360
2345010240140125013601345012450
1201235013501350130123013456013450
2401201014501013450
124010240234010123010120101450
1240136013560125013501360
1450101301012350
14012501013450124502340125010
24013560134024012350
13460240101345012450234501013450
1230101345013560125013501360
240134501401250150135013450
23401012340123401350123501350
1346024010134015013450
124501360101345601012345013602401230
1245015013501235012450150undefined2345013502456013450
134010234012501250101450
145010134010234014013602340
145010150124501360
13450101245012340136012350
24502401345013460240
23401250240245024010134501356012501360101345012450
234501360134502402340
12360240150134501345010
2450240123024013450
13501340145013601235013401013450
1201013450145013601345012450
120150130102340240
134010134501345012501502401340
1345010134501401250101345012450
245601501345013560125013501360
1234501360150150134502340
123601013450140135013601236015012350
12024012350134024013450124501250101340
140101230240
13450101234012301502340
234015013450145010240
13401013450140125015023402345015012350
123401360150120123010
23450123502401234013501230240
2345010234012501301501345023450
134501013450140125013501345012450
12501012360101345010
120101230234502401340135012350150
12015012301501340
134501013450134502401345012450
1234010234501345010
23401013450234501350undefined14501350134024013450124501350
13601235013601340123450240
135601013501356012501360101345012450
120101301360
101401401235010
13456010134502345010240
134015014501013450
234010134502345010undefined14012350136013560
13460136013560125013501360
12350240123601501235023402401450150
123024013450134560240
2340102401345023450undefined1230135013602402340
1230102340undefined1236015012450102340
1340101235010140102401201350
1301360245601024023450
101450undefined145010134013401013450
1234013501235023450123010134501450
12501024013013501360
125024012350135023401250240134010
1201013502345013501360
12501501240150240
240134501450135012350150
124501350240101345024010
234010134501010
23401013450undefined1013450234501350134502401350
1234013501235023450undefined101360undefined123401235024013450140150
12501024012340125013501345012450
2340136013560125013501360
134501013450134560101345012450
120136014012501012350150234023450
1345024013450124501201350
14501350136010123010
23450101345012450234012501013450
2345010240134501013450
1450102345013501345012450
102340136013450140240135013450
23401024014501360
1201235024023401201013450150
12350102456010123012340240134501450240
2340101401235010134015013450234501350
12015024012350136023450
23401013450undefined245013502340150
1340240134502340130
1301345601350234501350
120101235012350101345012345013602401230123010
1350123501230101345014501350
123601012301501345014024010
234012501360134560101345012450
125010134012013601235012450
1236010145013501450101235010
134010134501013602340
234012501013450124501234502401360
24560136013460240
123401012301501340120101345012450
1201235013602340234015012302340
1502340234015013450
140123015012360150123010134501450
1201250135012340101230
1250135012501250135023450
1234024023450234502340120136012350124501250
123013601350134560101345012450
234010134502345013502340
24502401013450134015013450
24560101235023401024560
12350101201023450
123602402345013501235024010
1234501360240234501350
101345023450101345010134501012350240123601350
140135024013401201023450135012350150
1450101234502401345012450
123013601013450
24560101345013560125013501360
120136014501012340150234023450
2345013601235024013450
2340136013560125013501360
1230136014501250240101345010
1402401345014024013450134501023450240
13013601340102340240
1340101345012501023450234501013450
12345024012345024012501012350
1013450234012501013450
10136023402345024013450
135601250135013450124501230240
1250101345014501013450
23450102401013450
240234012401012501013450
13010134502340102340undefined14024023450134560
1345601013501360134501450150
2340125010134502345013501360
10124501235010
123010undefined123401013560
13560125010134502450240101345012450
1301012301345601013450
101201360245010
125010123501012350150
24013450145024010134501012340135012302402340
13460240101345023450101350
2345024024501360101345010
1301250136012301345010
245601502401240101345012450
234010134502345024010124501350
1346024013450134560101345012450
1230136013560125013501360
1234015012350234501250
2345013501230136014010
123015015014502340
12360240234012501013012501012340102345013450101340
1301350120150
140135012301360134012013602340
134013601230234501013450
13013501401250240
12450136024501235010134502456010123010
1340135013450234501501236024014501501350
1345024023450150123501350240
12450101345013560125013501360
1240123013501235015013450140150
1230240136013560125013501360
120101340101301350
1401350134501013012350134560
120136012350234010
1230150135013450
1236024012350124502401345024010undefined120150101401250
13450102340240130
1240136023401250136013450
14012501013450124501450150
1450101502450150135013450
14012501012350123013502345023450150
134501502402450240101345012450
1234012501345013501340undefined12340150134501250
1234501360101345013560125013501360
1301250101235013024012360
125013456014501501235010120101450
1201235013501345013460
123013501340150
1401350123501450135012010
1250136010240134501013450
14501350125010
130136010123010undefined12301360134012340136012350
134010123401360234501350
13010145013601345010
124502456010134501245024501360
130102456010234010130240
23401013450undefined234010123012360101450135012350
23401360240134502401345012450
1230134560135013450
1301012350102450
1301013401234010123010
23450101201235024013560
234501250150undefined125010124501360150
14501012360101350
13401012350234015024012301230150
134015015012350136023450
13402401013450134560101345012450
234015013401012350101345012450
12401012350240145010120101450
1345013501236013502340240120240123502340130
134010130130101250
1450136012010240
1340240123024560101360130150150
101360140130123010134501450
1340101013450234012501013450
12012350101356013560101236024012301230150
12301360120136013401201023401250240
134560240134560101345012450
1236010123501013450102340240
14024013601450101450undefined24501360101235015013560
124501250101356024010120101450
12340123501502345013501235024010
125015013560150
12340135012350234501350
1230136023401013010
1023401013450234013501230
140125010134501245013560125013501360
13401350234013601230
1345601501301023450150123502401345012013601235012450
123401502340125010245601012350
13401013450145010123010134560
245010134023401250150145012340136012350
134012013602450240undefined134010134560240
134010145013601235010240
101450101345010
234012501501240124024015012301450
24501012010123012340136012350
23401013450undefined245013502340150
12340101345010134010undefined14024023450134560
1345024013560125013450134560undefined134501350123601245013501235013501450
140125024012401501345012450
14501360240234012013601235012450
13401360134502401401250
23402345013501401301250135012301340
125013601024013456024013450
13602450136013450124501234010134501450101345012450
12350102450130135023450
145012501013450120101450
134013601450101345012450240101345012450
12450150134501501236010
23401250240123501013560
1250136013560125013501360
234502401013450234012501360240
12301360123401013450234012501360240
1450136023402340150123014501350123501240
134010135013402401345012450
23401501236024012301230150
101340123502402345023401012350
12360240123010undefined123601501230125010
12360240123010undefined123601501230125010
10123013401023450134560
1234012350135012360240145015013450140150
245601012350101345012450101230
123501350234010123502401350
101230123010125010120101450
1201501345024013450undefined14024023450134560
1340101401502401350
2450240134502401345012450
23401350124024010
101201201350234502345010120101450
12010134501245012501013560240
1402401230101401012340
123401235010124501360150
12450123010234012450135024560
1230150234012501013450
24501014013023401350134501236024012301230150
135013601012450101450135013601245013501360
1014501501230102401450150
13502345023450102456010
2340125010134501245012350101350
2345013501235012350150135013450
2340123502401345010124501012350
2340101340101235010
12360240245010134560102456010145010
135013402340130
1345015024560140102340234501230150
1345601360123024013450
13450101340123401350
134602401013450134560101345012450
1401012450101345601013450undefined1450150undefined1350123501350
1401013450undefined2345012501350
1201012350123450136024023402401340150234501350
13010135601013450
12501501230234024013450130240
1013601235010134501245010120101450
140101230124501012350134560
1345015013560101250136010123014013501345601350234501230
135601360123502401401250
12010135014502401345012450
135602401245013501345012450
2340125010123502450101250
13456015012350150123601013450
1340135012450101450240234012501360
125013601013401201350
1013450130101345012450
2345012024012302402340240
2401301012350150
12015012301245012350101450150
234010123023450undefined123010130150undefined14024023450134560
1201250240123010240
2450240134501250136010
1401250150123013456010120240134502340130
134501023450101230
14501360234012501013450120150
1301350120150134501250101236013450
140125010134501245024560135013450
135601250136013560125013501360
2340136024560135013450
1345010234012501236024012301230150
123601501235015015013450240124502401345012450
1346024010134501245012401013450
134015013401234012502402340
1360123023401013450
135601250136014012501501345012450
10134013401013450
12350240140125013401350134501450
14501360120123024013450
1501450134013501345023450135013450
23401250135012301012340136012350
123501350234023450135012360
14501345024012340123501350
13460240134502401345012450
13560125010134501245024502401013013501360
12450101356024010134502345015012340
123024012301230150
1235010134501401250240
13401350134501235013501236024010
2340101350undefined123013602402340
101340234023450150123501450101340
245015012350136023401012301501340
1345015024560undefined135012350123015010134502340
1245013601023450150134010123010
124012301350123502401013450135012340135012302402340
1356012501360125010240
1234013501235023450undefined15012302401356010120150234501250
1234013501235023450undefined12501012350140135013601235023450
245024010134013602340240
12350101230150240124501250
1360124010
12501501345012450134560101345012450
1201501345013460240
12301350136024023401236024012301230150
125010240124010
134015014502401345010
1201360140101235010134010134501245010
134010123501014010134560
1235013502345023450150123501450101340
125024013402340
1401350123013501245013450150
12345024013450125013601013450124501450101350
124015013560
10145015013450
145010undefined13450101345012450
140135014012501012010134012010
1345601350134501245013560125013501360
120101350234012501013450
13024023450101301345601360234012501360
12340150123501340
101250123601013560
245013501450125012340136012350
23401013450undefined123013602402340undefined1234013502345013502340240
135014501502340234010
13456024013450140125013601013450
13450145024501013401501345010
1450135013450150234502340130
24501350240134501236024012301230150
245024010134602401345012450
124501360240123024013450
14501012501360130
12360135012301245013501245012350101450
124501360245601012501023450240
1345602401401250136013450
13456010134501245012345013601013450
134501023450101230
1401250101345014502401245010123501250
1245024560101230240135012350
1250101340101340102345023401360
12345013501340
134015012350240145010
245024013460240
1346024013450134560240
1234501360150123501502345010123501350
12340240134501245013460240101345012450
1301501230101345012450
24501350101350undefined1234015023402340135010
24502401345013560125013501360
135013012301012501350134010undefined14024023450134560
234010123015012350134501350
23450125024012350136012360101345010134502345012501012340136012350101340
130135013560125024013013501450150
135012450120135013401350234012501350
234502401235013601401250240123501012340123401012301230240
124501501345015012350101230undefined234010134502345013502340
12501360150
120101401350123013501450
1345010134502345013501345012450
23450150124501360140240124501012301234010
12401350234012501013450
23401350134501245013450101340
120123502401450124501501234013501235023450
1302401345012450234023450135013450
13450101345601234013456024014501024560
13450240140150
1201360124012401012301350
240123501202401230
1301235010234013450135013456010123502340130
145024502401201350136023450240
1350123024013450145010
134010134501012450136010
10134502345024560150123501234015013450
13013501345013456010
120135012450135012350
13450240101340150134560
125010123502345012401350123501450
13460240134501345601360
1250136010240120150240
234501501235015023402401345010
1345010125010
134602401345013460240101345012450
124501350134560101345012450
13456024012024013450
1012010
1340102401450136012450136012350240
2345024012350101345010
130102345012501340101345014501360
1013560undefined13560101235012345010
234501012350234013602340
12015013450124501201360
134015013450145013501356010
125013601201230240
14013501345014015012340140240135013450
13560101235024010
1013450134560101345012450
14010123502345010124501501345010
13401345602340135012350150
136012301010134501201010234501012350
134015013460240140101230240
23450135013450124501230240101350
1345015024560140102340234501230150
13401350134012010234010
134501350123601350undefined1250101340120136012350124501350
1401012301230101350
1202401230120101350
245013501250135012350undefined120101250123501360
1345602401401250101345012450
123501024012340136012350
124013501235023450undefined24560135012350234501250
23401012301501340
1345601013450124502450240101345012450
13401012350123501013015023401250
1301024012401501345012450
14501013450145013501345012450
1201023401235010
1012450136010234014010123024015013450234501502340
2345013601402340135013450
13501301013456010134010
134601360101345013560125013501360
1234013601401250undefined135013450
12350240135601250101350
120101345014501012350undefined12301013401234013601345012450
123401012301501235013401350
1401012350145024012401240
13024012450101230240
23450101340123402401401350
24502401013501356013601350
12340101450101345012450
24501360123012301360134501450136012350
123601012301234010123501024023401350
135601250150134502450240101345012450
13560136013450134560240
101345023401250136013450
12340240134501245014502401345012450234012501013450
23450135013601230135013602340150
1501230undefined123401023401350
1345013501236010undefined240124501360101401360
12360135012350135013450150135601250
12012501360120101345015023401250245601012350
234010123501023450135012360
1345601360140240
134560101345014012501501345012450
12024023401250130150130
1350234012301350
1401360150123501345010123601014010
123024013450124015013450
125013501345013501230136012301360
1201013450124501360240
24560101235012350240
234501360140136013401013450
1201023401501230
130150123501340101345023401250101250
23450125015023402340101230135013450240130240
1350134010125010
1240123501501502345013502456013450
13013502345010
12012350101245010
2450125010134502340240
1345601360150134560101345012450
134501350234502345024013450124501250101340
101245010145024012350
120136023450234501501235024560135012350234501250
120101235015024012301230134560
245013502340
134602401345012450134560240
101235015012345013602401234010
1401501201360
1230240123601501235012340135013501230
1235010245023401250101250240
12301013450124501240101345012450
24560136012501360
14013601230240101401013450
13560125010135023450101345012450
123601012301501345014024010
14013602401012010
1230240134501245013456013601013450
1234501360240undefined134501250135013450
1340101230101345012450
1012302401245010123501250
123012360135012360
120135012350145015010136013460
1340140101230123015013450
1201013502450240
12340150130101345012010123501360
1350123501013450
1345602401345012450130135024560
12012502402456010134501450240
1230240101350134560101345012450
140125024012501360101250136010
245010134013401360
13401012301014014010
13560101234013501235024013560125013560125013456010
134013501235010145010120101450
10134502345010123013456010
101230undefined125013601450101345601450101250
2402340123010134010120101450
140101340123401350undefined124501235010134501450150
23401250101350134602401345012450
1345602401401250136013450
1340101345012450101230135012350150
24560136012340123401501235023450101230
14012501501350134501245024501360
13560101340120135010134501245010
1250101340125013601345012450
240123013501235024013450
12401360134560101345012450
234010101235012012350136014013015013450
124013601346024013450
234012502401345601013450
1234501360150234502345010
234501235013602450240123012301350
130101345010134501245010
23450123501012013560135013450
14013502345013501345013501360
24502401345014012501501345012450
10123012013601234501360150123501234501360150
12301350145013560
1301235010130135024560
1236024015013450234502401013450150
234010123023450240123012301350
2340101350undefined245013502340150undefined145013502340undefined1401013401234013502340
12501360134501245013450101340
23450102401356013560
12340240150234501501235013401012350240234501356012013601235012450
2345010134501245024015012350
14012501013450124501250136010
125023402401345014012501360
124010123501245013501345010
134501013401013450124501013450
1301350123012501012340136012350
123024015012450150
14024013601450101450undefined12450136010134560101345010
12024012350134024013450124501250101340
125015012450101345012450
123502401245010
134501350136010130140125013502345023450
13450101245010
12450145010134502340130
101345023401013450
13450136012350134501201501235012450
13501345601350
1340136023401401023450
1013401235010123601023450240
145015013450123401023401012350
234013501301350234501350
120150240125010240
102340125012450101201023450
12012350150134015013450
102340undefined2340136012301013456013401013450240134560101250
13560101245012350150120
125010134501345013501236015012350
140136014013602345010
1250101340240123023450135013450
1340135023401250240
234012501013501245013601013450
130136013401013401350234501350
14501013456023450135013450
1230240101345013456013601345012450101345012450
101401012340136012301401350
130101345014501012501012350
145015012501235010undefined1450136013450
123501350140125015023402345015012350
245015013501345024501360
2340101340101235012345010134501450
123450240134501245013456013601013450
2340101235010234013502345010
1401250101345012450135601250240
2345013501230134560102345023450240
24501012013501023450101350
23401250240135601360135013010
120136012301024560101345601350
2340135012301501450101450
1240123501502340134501350
1340150130134501502340
23401012350102450150123601350
123010undefined123401230102345010
13401012301501245010135013450
150134501360124501360
1401250240234024013450101360
1250136010134501245023401250240
1012350101401024501360
1012301230150134502345013502456013450
12013501345013450
23401013450undefined123401501450123501350undefined23401360123010
1345015012301230135012350150
1401023450101345024010
1245013501235010130125012340136012350
2401234013501250
140125013501345012450245024013450
2345013601230234010
13602345023401360134501350134024013456010
123401360134560101345012450
1013450undefined13450102450101240
2340101350undefined245013502340150undefined145013502340undefined12340240134501250102402340
23401013450234501350undefined1013450145012350150
1201345602345013501340
1234013502401345023450150undefined13450135024012350150
1023450undefined23450102401240
2402340134010240123024010
1401350134501401350123501450
23401250240134013501245010
12024015013450undefined1250135010
1356012501013450134560240
1301235013456012360134560134560undefined123502401250
101345014502402450135013450
234502401235013601234012340136012350
240123501202401450
1301235010234013450135014501012350
135601012350101245013501356010
1245015013450135010
123024012301350134501245024560150
145024013456010123501201013024012350
1340135012350150123024010
1360123013456010134501350123602340130
13602345012350150140125023450
1302401302456024023450
101230undefined12501360124013601240
1345601350124501345601013010123502345010
2456012350135014012301024560
2456024013450134502401234015012450
240135601250150123602340130
1401012340150undefined140135012350101230
234012340123502401345012450124024015012301450
1356012501360135013560125013501360
1235010136012350130150123010
1234501360150120150140
12340135013560134501013450
140135012301350123501014501350undefined2340123401235024013450124502340
120136012350undefined2340102401450
13450101345014501501450
1201013450134501360
1023401340101235010
234013501360234501250150134501450undefined135013450undefined234015010
1450123501502340145015013450
24560240150234012010145015013450
140125010123501230150234023450135013450
1401250101345012450123402401345012450
123401012301360
234501024013560125013501360
134602401013450124502345010240
23401013402340136013450
1230136013460135012350
1201501230124501013601340
1234013501345023450240101345010130
134560101235013502340123010123601230
14013501345023402345010134502345024013450150
1201013450145024501012350134010234024013450
101201360undefined1450125010120240
124501235010134501450undefined12350101234024014502340
130240123501301360130
23401013450124501230240
1201012350140150123013501345010
134024023402340240135013450undefined1236024015024501350
14010134501350102340
1501230undefined13401013450234013601235010
2340135012501012450
1201012350134501013601230
1356010125015014501013450
245010123010123010120101450
1012301201013450134560
14012502401401230101345601350
125015012350134013502340240123012301350
1234013501235023450undefined1230135013602402340
140125010134501450123501012340136012350
101230undefined125024012301230101250
101230undefined125024012301230101250
12350102340125023450
13450101245010134501350
12360240134501250
10120150135013013602345010
13010134560234015012350240
2340101340101235024013450145010
102450134015012350
14501350123502345013401360134501450
1236012301014502401236013502340234501350130
240123501301360234502340130
130134501350134601236024012301230150
120123010134502345013456012350150
1201023450135013450undefined123501350136012450150
10134501234502401345012450
1401360234502345010140130
125010140125024013502450240
13012501012010123501350123602340130
12360150123501014012350136013560
13024023401013450124501013450240
1230240120123501501236024012301230150
1301501235013401013450
136012350134024010
120240130101345015012350
1234501360150234501356010123023450150134501013450124501350
12010130150123502340124024015012301450
135012450145015013450
23401250240125015013560240
130136014012502401345012450
234012501360135013560125013501360
1345024024012450102345010
12340150123501502401235010
134010140101360
1345015024560undefined1250101236015013450
1201350136010130150
140135012301360134012024010
1013012350135013450
12024013450245010240
1340101345010134010
13601201501235012301013450145024010
234013501235013501401012010
234501350134501245012302401345012450
24560150240125010240
13401012350undefined14501501230undefined123401230102345010
234010134502345024010124501350undefined1450150undefined140136012010
2340240123402401345012450
1301012450135023401250240134010
23401360123501013010123502345010
134010130125010140125013010123010
120125010123601345010124501012350
13601345601350
1201235024023402345013501230
120101250102456010123012340136012350
13015013450240234501235010
1235024012015024012350101350undefined1234012350150234501350
13010134501013560102456010
1350123501501345012013601235012450
1340101230101245010
23450101201360130
12340136015012350234501350undefined123010undefined14012350136013560
245024013602450240101345012450
125024023401012350
1301023401250124501012350
134010234501350123010
120240123010234012340136012350
234010123501245013501450125010
1230150240123401356024012450
1236024012301345024013602340
23450240123501360134501501230123601501230240
1401013450140136013450
13456010134501245013560125013501360
13450135012360135013013601356013450150234502340130
101230undefined12301014501250240123450240134560101250
1340102345010134013501235013502340
1245013502345015012013501235012450
13502345023401360
23450135013402340130
1230240134501346024010
134010234502340136013456010134010
123501350136015013450
2450240101345012450134015013450
135010134601014010
1201502401235010
1245013601345023450136012350
2345012350101201230135013602340
12501013401014501013450
14010134501245013560125013501360
13013502345010undefined13024013450101201012301360
12450135012301450undefined140135010234023450
24502401013450
12301350134501450123502401345010
1235013456010135601013450
234012501023401250240
120150123012301350
234501345601360134015013450
123024012340150234502340130
2340240123024012450136012350240
15023401302402340150125024012350
1201013450145010undefined101401501250
1360245024501024013450
23401012302345010
12340150134501356010
1201230240145010
1340134560130135012301013456024012360
130101235012010123010
2340136015013560
12450123024024560240140150
12013601302402345023450240134501245012450240
123024010135013456013601013450
13013502345010undefined12010125010123501360
2450136013450145024010240
150145024013450120136012350124501250
234501230101346014010123010
12340123501350123601350
101235010130
1450101236010134501245015012350150
123602401345010undefined14501501230undefined13401012350
1234024013450124502345013601345012450
1013450134501012010
101301350123010
1201235024012450125023450135013450
10234023450123501013012501013450
1201235010145012401350123501450
1201012350240
13401013560102345012301013450
102456013010
23401013450undefined123013501235015013450135601350
2345010135013456013601013450
140125024010134560240
130150150123013601345012450
23450125010240undefined1345012450136013456015013450
23401250136010134501245013456010234012501013450
1501230undefined13402401345013456010
145010134010134501250136012350
1234010234013601235013601013450
2345023401360
134010234501012350101340
134010140101234010
2456013501235014015023402345015012350
12350150134560134501350234010
234012501012501235024023401012013560
1340150234010
145013501360134010
23401301350123402450150
13402456010134501356010
24560136024560150240
123401012301340undefined12010134560
1234013501235023450undefined2340136014501013450
234010134502345010undefined1240150
234501360123010
12015013450240undefined234013601501240
13456010134502450240
234501350123015014501350
120135012301350124501345010
23401012501012350101345012340136012350
1340136012350123502401502345010
124501360123012010123501245010
1201250102345012340101235010
2456024014012502402345010
2401240150
